object={
	name="cypress_dense_generator_2_0"
	clamp_to_water_level=no
	render_under_water=no
	generated_content=yes
	layer="semidynamic_medium"
	pdxmesh="tree_cypress_001_mesh"
	count=62
	transform="4713.563477 0.000000 1833.990967 0.000000 0.931407 0.000000 0.363980 0.197535 0.197535 0.197535
4710.581055 0.000000 1842.624390 0.000000 0.792088 0.000000 0.610407 0.194232 0.194232 0.194232
4733.032715 0.000000 1886.172485 0.000000 0.510088 0.000000 0.860122 0.196164 0.196164 0.196164
4702.608887 0.000000 1869.524048 0.000000 0.980182 0.000000 0.198098 0.202975 0.202975 0.202975
4735.510742 0.000000 1888.721069 0.000000 0.639734 0.000000 0.768597 0.207370 0.207370 0.207370
4748.526855 0.000000 1887.030151 0.000000 0.141835 0.000000 0.989890 0.195339 0.195339 0.195339
4761.706543 0.000000 1877.623779 0.000000 0.703004 0.000000 0.711186 0.204600 0.204600 0.204600
4769.412109 0.000000 1878.941528 0.000000 0.914387 0.000000 0.404842 0.206972 0.206972 0.206972
4766.816895 0.000000 1878.422119 0.000000 0.485333 0.000000 0.874330 0.213088 0.213088 0.213088
4742.475098 0.000000 1878.575073 0.000000 0.667347 0.000000 0.744747 0.216346 0.216346 0.216346
4783.135742 0.000000 1880.040527 0.000000 0.553574 0.000000 0.832800 0.227744 0.227744 0.227744
4776.688965 0.000000 1888.384888 0.000000 0.316319 0.000000 0.948653 0.219677 0.219677 0.219677
4779.311523 0.000000 1889.132202 0.000000 0.995697 0.000000 0.092663 0.270045 0.270045 0.270045
4778.440430 0.000000 1880.193359 0.000000 0.404465 0.000000 0.914554 0.248641 0.248641 0.248641
4776.256348 0.000000 1880.832153 0.000000 0.083445 0.000000 0.996512 0.244439 0.244439 0.244439
4781.839355 0.000000 1890.670166 0.000000 0.008017 0.000000 0.999968 0.226983 0.226983 0.226983
4776.469727 0.000000 1883.249634 0.000000 0.265509 0.000000 0.964108 0.250189 0.250189 0.250189
4830.060547 0.000000 1912.139282 0.000000 0.375016 0.000000 0.927018 0.189485 0.189485 0.189485
4837.098633 0.000000 1906.855347 0.000000 0.278298 0.000000 0.960495 0.189704 0.189704 0.189704
4836.620605 0.000000 1910.692871 0.000000 0.618085 0.000000 0.786112 0.192097 0.192097 0.192097
4829.291016 0.000000 1906.326904 0.000000 0.984241 0.000000 0.176835 0.223819 0.223819 0.223819
4808.237305 0.000000 1912.010986 0.000000 0.721886 0.000000 0.692012 0.217450 0.217450 0.217450
4791.819336 0.000000 1939.299683 0.000000 0.978660 0.000000 0.205487 0.198565 0.198565 0.198565
4797.032715 0.000000 1942.656860 0.000000 0.212079 0.000000 0.977253 0.194439 0.194439 0.194439
4797.738281 0.000000 1948.717896 0.000000 0.528742 0.000000 0.848783 0.201955 0.201955 0.201955
4790.180664 0.000000 1944.318970 0.000000 0.783257 0.000000 0.621699 0.214894 0.214894 0.214894
4829.237305 0.000000 1953.990967 0.000000 0.447051 0.000000 0.894508 0.191015 0.191015 0.191015
4841.656250 0.000000 1960.578491 0.000000 0.995561 0.000000 0.094122 0.199176 0.199176 0.199176
4823.191895 0.000000 1966.359375 0.000000 0.797831 0.000000 0.602881 0.197333 0.197333 0.197333
4828.380371 0.000000 1975.319092 0.000000 0.176173 0.000000 0.984359 0.194032 0.194032 0.194032
4816.244141 0.000000 1949.666626 0.000000 0.258854 0.000000 0.965916 0.195845 0.195845 0.195845
4807.213379 0.000000 1958.668823 0.000000 0.535883 0.000000 0.844292 0.196489 0.196489 0.196489
4822.782715 0.000000 1927.772095 0.000000 0.948557 0.000000 0.316605 0.210176 0.210176 0.210176
4815.671387 0.000000 1921.997803 0.000000 0.791464 0.000000 0.611216 0.199224 0.199224 0.199224
4832.330078 0.000000 1974.766235 0.000000 0.702559 0.000000 0.711626 0.208446 0.208446 0.208446
4843.596680 0.000000 1969.010254 0.000000 0.744829 0.000000 0.667256 0.213108 0.213108 0.213108
4802.627930 0.000000 1949.175903 0.000000 0.841827 0.000000 0.539748 0.225257 0.225257 0.225257
4806.475098 0.000000 1935.059448 0.000000 0.368633 0.000000 0.929575 0.212935 0.212935 0.212935
4842.219238 0.000000 1966.683350 0.000000 0.755247 0.000000 0.655440 0.220104 0.220104 0.220104
4836.342285 0.000000 1976.137451 0.000000 0.494854 0.000000 0.868976 0.232583 0.232583 0.232583
4806.953125 0.000000 1956.078979 0.000000 0.824182 0.000000 0.566325 0.239475 0.239475 0.239475
4801.654297 0.000000 1934.826904 0.000000 0.847423 0.000000 0.530919 0.241269 0.241269 0.241269
4840.389160 0.000000 1974.099121 0.000000 0.927401 0.000000 0.374068 0.245708 0.245708 0.245708
4804.483887 0.000000 1950.217407 0.000000 0.911980 0.000000 0.410235 0.246970 0.246970 0.246970
4840.388184 0.000000 1970.470337 0.000000 0.829659 0.000000 0.558270 0.249391 0.249391 0.249391
4803.095703 0.000000 1935.918823 0.000000 0.992388 0.000000 0.123148 0.276918 0.276918 0.276918
4802.335449 0.000000 1951.698730 0.000000 0.735743 0.000000 0.677261 0.241450 0.241450 0.241450
4817.288086 0.000000 1925.550049 0.000000 0.097562 0.000000 0.995229 0.230366 0.230366 0.230366
4823.890625 0.000000 1996.010864 0.000000 0.665854 0.000000 0.746082 0.194113 0.194113 0.194113
4830.961914 0.000000 1977.914429 0.000000 0.333201 0.000000 0.942856 0.195839 0.195839 0.195839
4803.913086 0.000000 1987.889648 0.000000 0.248947 0.000000 0.968517 0.194860 0.194860 0.194860
4811.442871 0.000000 1994.761719 0.000000 0.540715 0.000000 0.841206 0.206730 0.206730 0.206730
4818.128418 0.000000 1997.714722 0.000000 0.918300 0.000000 0.395885 0.212287 0.212287 0.212287
4836.990723 0.000000 1977.638672 0.000000 0.304146 0.000000 0.952625 0.228494 0.228494 0.228494
4863.462891 0.000000 1977.303101 0.000000 0.619190 0.000000 0.785242 0.255875 0.255875 0.255875
4873.641113 0.000000 1973.656616 0.000000 0.981970 0.000000 0.189039 0.198599 0.198599 0.198599
4868.384766 0.000000 1971.241455 0.000000 0.785456 0.000000 0.618917 0.210024 0.210024 0.210024
4868.679688 0.000000 1973.083740 0.000000 0.957908 0.000000 0.287075 0.239109 0.239109 0.239109
4864.588379 0.000000 1972.771240 0.000000 0.662039 0.000000 0.749469 0.258190 0.258190 0.258190
4865.626465 0.000000 1975.386108 0.000000 0.990533 0.000000 0.137274 0.306773 0.306773 0.306773
4864.926758 0.000000 1974.162476 0.000000 0.426573 0.000000 0.904453 0.272817 0.272817 0.272817
4864.090332 0.000000 1980.248779 0.000000 0.512402 0.000000 0.858746 0.195265 0.195265 0.195265
"}
object={
	name="cypress_dense_generator_2_1"
	clamp_to_water_level=no
	render_under_water=no
	generated_content=yes
	layer="semidynamic_medium"
	pdxmesh="tree_cypress_002_mesh"
	count=69
	transform="4727.107910 0.000000 1852.701294 0.000000 0.229413 0.000000 -0.973329 0.209864 0.209864 0.209864
4733.212891 0.000000 1832.891724 0.000000 0.214518 0.000000 -0.976720 0.210145 0.210145 0.210145
4723.213867 0.000000 1853.757202 0.000000 0.927849 0.000000 -0.372956 0.203196 0.203196 0.203196
4722.798340 0.000000 1844.181152 0.000000 0.769382 0.000000 -0.638789 0.207239 0.207239 0.207239
4700.380371 0.000000 1862.350342 0.000000 0.771690 0.000000 -0.635999 0.219691 0.219691 0.219691
4708.144531 0.000000 1856.461426 0.000000 0.937609 0.000000 -0.347690 0.233739 0.233739 0.233739
4697.661133 0.000000 1867.050537 0.000000 0.312996 0.000000 -0.949754 0.216674 0.216674 0.216674
4792.550781 0.000000 1896.843506 0.000000 0.319733 0.000000 -0.947508 0.208705 0.208705 0.208705
4791.107910 0.000000 1909.185669 0.000000 0.972089 0.000000 -0.234612 0.201715 0.201715 0.201715
4797.658691 0.000000 1899.300171 0.000000 0.983044 0.000000 -0.183371 0.201381 0.201381 0.201381
4789.994141 0.000000 1885.270508 0.000000 0.215438 0.000000 -0.976517 0.211490 0.211490 0.211490
4789.013672 0.000000 1898.630737 0.000000 0.624617 0.000000 -0.780932 0.207495 0.207495 0.207495
4780.194824 0.000000 1876.061768 0.000000 0.956104 0.000000 -0.293027 0.203427 0.203427 0.203427
4774.337891 0.000000 1877.720581 0.000000 0.530185 0.000000 -0.847882 0.216840 0.216840 0.216840
4764.928223 0.000000 1881.864502 0.000000 0.834504 0.000000 -0.551002 0.219709 0.219709 0.219709
4738.944824 0.000000 1881.380371 0.000000 0.640304 0.000000 -0.768121 0.230893 0.230893 0.230893
4791.044922 0.000000 1903.072754 0.000000 0.992713 0.000000 -0.120500 0.230329 0.230329 0.230329
4741.141602 0.000000 1889.490601 0.000000 0.100226 0.000000 -0.994965 0.235720 0.235720 0.235720
4740.756836 0.000000 1882.777588 0.000000 0.367699 0.000000 -0.929945 0.289408 0.289408 0.289408
4742.028809 0.000000 1886.913940 0.000000 0.689118 0.000000 -0.724649 0.263839 0.263839 0.263839
4745.322266 0.000000 1882.952026 0.000000 0.988945 0.000000 -0.148283 0.249201 0.249201 0.249201
4782.245605 0.000000 1883.906860 0.000000 0.991936 0.000000 -0.126738 0.276468 0.276468 0.276468
4779.960938 0.000000 1886.086670 0.000000 0.151239 0.000000 -0.988497 0.294320 0.294320 0.294320
4775.260742 0.000000 1885.588379 0.000000 0.275837 0.000000 -0.961204 0.269942 0.269942 0.269942
4738.681152 0.000000 1886.202881 0.000000 0.889291 0.000000 -0.457341 0.256355 0.256355 0.256355
4778.415039 0.000000 1883.602539 0.000000 0.764348 0.000000 -0.644804 0.289060 0.289060 0.289060
4781.531250 0.000000 1882.377441 0.000000 0.961787 0.000000 -0.273797 0.276525 0.276525 0.276525
4783.392090 0.000000 1885.264526 0.000000 0.529327 0.000000 -0.848418 0.307726 0.307726 0.307726
4782.203125 0.000000 1887.505737 0.000000 0.597085 0.000000 -0.802178 0.311114 0.311114 0.311114
4804.032715 0.000000 1895.595947 0.000000 0.998696 0.000000 -0.051051 0.200357 0.200357 0.200357
4826.709961 0.000000 1901.024292 0.000000 0.984766 0.000000 -0.173886 0.201527 0.201527 0.201527
4830.953613 0.000000 1920.236938 0.000000 0.895811 0.000000 -0.444434 0.204024 0.204024 0.204024
4829.392090 0.000000 1908.657837 0.000000 0.145915 0.000000 -0.989297 0.217044 0.217044 0.217044
4829.422852 0.000000 1902.536255 0.000000 0.418772 0.000000 -0.908092 0.215516 0.215516 0.215516
4814.650879 0.000000 1914.325195 0.000000 0.699275 0.000000 -0.714853 0.223473 0.223473 0.223473
4831.373535 0.000000 1907.417480 0.000000 0.995846 0.000000 -0.091055 0.229898 0.229898 0.229898
4792.550781 0.000000 1953.327881 0.000000 0.987450 0.000000 -0.157934 0.201109 0.201109 0.201109
4797.524414 0.000000 1937.538452 0.000000 0.454331 0.000000 -0.890833 0.210016 0.210016 0.210016
4809.400879 0.000000 1936.587891 0.000000 0.371476 0.000000 -0.928443 0.208171 0.208171 0.208171
4812.552734 0.000000 1946.662842 0.000000 0.983623 0.000000 -0.180238 0.201380 0.201380 0.201380
4821.668945 0.000000 1930.257690 0.000000 0.981446 0.000000 -0.191740 0.201541 0.201541 0.201541
4825.916992 0.000000 1965.234985 0.000000 0.981866 0.000000 -0.189578 0.215115 0.215115 0.215115
4810.564941 0.000000 1923.017700 0.000000 0.299929 0.000000 -0.953961 0.220879 0.220879 0.220879
4813.872070 0.000000 1948.871216 0.000000 0.514811 0.000000 -0.857304 0.224929 0.224929 0.224929
4802.944824 0.000000 1937.864746 0.000000 0.727385 0.000000 -0.686229 0.266738 0.266738 0.266738
4813.612305 0.000000 1923.597412 0.000000 0.997569 0.000000 -0.069690 0.236400 0.236400 0.236400
4836.144531 0.000000 1969.430176 0.000000 0.897741 0.000000 -0.440523 0.270802 0.270802 0.270802
4801.042969 0.000000 1952.969849 0.000000 0.039137 0.000000 -0.999234 0.274304 0.274304 0.274304
4838.962402 0.000000 1964.648682 0.000000 0.782084 0.000000 -0.623173 0.276717 0.276717 0.276717
4800.712402 0.000000 1938.689697 0.000000 0.866184 0.000000 -0.499726 0.233722 0.233722 0.233722
4839.778320 0.000000 1976.303711 0.000000 0.877686 0.000000 -0.479237 0.261773 0.261773 0.261773
4839.167969 0.000000 1968.938721 0.000000 0.447871 0.000000 -0.894098 0.313032 0.313032 0.313032
4808.722168 0.000000 1952.987793 0.000000 0.478243 0.000000 -0.878228 0.259112 0.259112 0.259112
4838.819824 0.000000 1972.720459 0.000000 0.163955 0.000000 -0.986468 0.321039 0.321039 0.321039
4812.080078 0.000000 1951.757568 0.000000 0.202641 0.000000 -0.979253 0.277100 0.277100 0.277100
4815.325195 0.000000 1955.477173 0.000000 0.638232 0.000000 -0.769844 0.259795 0.259795 0.259795
4823.366211 0.000000 1923.121460 0.000000 0.094175 0.000000 -0.995556 0.273303 0.273303 0.273303
4836.742188 0.000000 1973.673950 0.000000 0.848364 0.000000 -0.529413 0.279295 0.279295 0.279295
4803.049316 0.000000 1932.739624 0.000000 0.351632 0.000000 -0.936138 0.320235 0.320235 0.320235
4804.635742 0.000000 1932.871582 0.000000 0.790139 0.000000 -0.612928 0.307645 0.307645 0.307645
4803.329590 0.000000 1955.897095 0.000000 0.588029 0.000000 -0.808840 0.310032 0.310032 0.310032
4837.432617 0.000000 1987.980225 0.000000 0.902099 0.000000 -0.431528 0.203063 0.203063 0.203063
4806.424805 0.000000 1997.313232 0.000000 0.008075 0.000000 -0.999967 0.212875 0.212875 0.212875
4814.979980 0.000000 2001.793335 0.000000 0.832275 0.000000 -0.554363 0.211133 0.211133 0.211133
4838.792969 0.000000 1979.765137 0.000000 0.125297 0.000000 -0.992119 0.253899 0.253899 0.253899
4871.437500 0.000000 1975.512329 0.000000 0.612629 0.000000 -0.790371 0.213202 0.213202 0.213202
4867.162109 0.000000 1972.520386 0.000000 0.999999 0.000000 -0.001649 0.271188 0.271188 0.271188
4867.498047 0.000000 1977.710693 0.000000 0.894394 0.000000 -0.447279 0.290861 0.290861 0.290861
4865.657715 0.000000 1977.456909 0.000000 0.528817 0.000000 -0.848736 0.330387 0.330387 0.330387
"}
