object={
	name="cypress_dense_generator_1_0"
	clamp_to_water_level=no
	render_under_water=no
	generated_content=yes
	layer="semidynamic"
	pdxmesh="tree_cypress_001_mesh"
	count=33
	transform="4704.032227 0.000000 1844.437866 0.000000 0.919574 0.000000 0.392918 0.196724 0.196724 0.196724
4716.376953 0.000000 1853.767700 0.000000 0.353379 0.000000 0.935480 0.197856 0.197856 0.197856
4713.204590 0.000000 1844.061401 0.000000 0.451254 0.000000 0.892395 0.199993 0.199993 0.199993
4737.451172 0.000000 1876.160034 0.000000 0.160622 0.000000 0.987016 0.190323 0.190323 0.190323
4786.584961 0.000000 1891.878662 0.000000 0.958708 0.000000 0.284392 0.197624 0.197624 0.197624
4787.863281 0.000000 1888.357056 0.000000 0.499685 0.000000 0.866207 0.198800 0.198800 0.198800
4783.537109 0.000000 1891.112793 0.000000 0.648311 0.000000 0.761375 0.238076 0.238076 0.238076
4736.936035 0.000000 1886.593872 0.000000 0.999992 0.000000 0.003921 0.234112 0.234112 0.234112
4772.029297 0.000000 1882.537109 0.000000 0.770781 0.000000 0.637100 0.234916 0.234916 0.234916
4743.408691 0.000000 1881.821899 0.000000 0.790747 0.000000 0.612143 0.232608 0.232608 0.232608
4758.077637 0.000000 1881.159058 0.000000 0.474998 0.000000 0.879987 0.227833 0.227833 0.227833
4740.248535 0.000000 1885.284302 0.000000 0.219163 0.000000 0.975688 0.243692 0.243692 0.243692
4783.448242 0.000000 1888.491943 0.000000 0.932521 0.000000 0.361117 0.273603 0.273603 0.273603
4811.959473 0.000000 1912.475220 0.000000 0.187989 0.000000 0.982171 0.205152 0.205152 0.205152
4814.953125 0.000000 1917.956055 0.000000 0.502038 0.000000 0.864845 0.190870 0.190870 0.190870
4820.968750 0.000000 1972.593872 0.000000 0.872671 0.000000 0.488308 0.196689 0.196689 0.196689
4801.451172 0.000000 1932.644409 0.000000 0.851648 0.000000 0.524114 0.235493 0.235493 0.235493
4818.127930 0.000000 1933.744751 0.000000 0.908073 0.000000 0.418811 0.196925 0.196925 0.196925
4820.569336 0.000000 1925.855225 0.000000 0.858556 0.000000 0.512719 0.227756 0.227756 0.227756
4808.407715 0.000000 1928.281128 0.000000 0.964532 0.000000 0.263966 0.228934 0.228934 0.228934
4822.478027 0.000000 1955.362061 0.000000 0.209788 0.000000 0.977747 0.196990 0.196990 0.196990
4818.283691 0.000000 1921.601440 0.000000 0.816896 0.000000 0.576785 0.194635 0.194635 0.194635
4811.929688 0.000000 1932.474609 0.000000 0.804222 0.000000 0.594329 0.194439 0.194439 0.194439
4825.237793 0.000000 1926.627686 0.000000 0.803386 0.000000 0.595458 0.197427 0.197427 0.197427
4811.786133 0.000000 1925.521729 0.000000 0.623345 0.000000 0.781947 0.223812 0.223812 0.223812
4837.098633 0.000000 1963.339722 0.000000 0.864095 0.000000 0.503330 0.204681 0.204681 0.204681
4805.119141 0.000000 1936.902954 0.000000 0.982001 0.000000 0.188874 0.231202 0.231202 0.231202
4813.506836 0.000000 1956.283203 0.000000 0.546361 0.000000 0.837550 0.196622 0.196622 0.196622
4818.190430 0.000000 1929.990967 0.000000 0.646443 0.000000 0.762962 0.213133 0.213133 0.213133
4825.661133 0.000000 1923.534912 0.000000 0.777821 0.000000 0.628485 0.235120 0.235120 0.235120
4809.084961 0.000000 1931.286621 0.000000 0.577837 0.000000 0.816152 0.221059 0.221059 0.221059
4807.671387 0.000000 2001.809692 0.000000 0.979763 0.000000 0.200160 0.198642 0.198642 0.198642
4868.948730 0.000000 1977.068237 0.000000 0.058234 0.000000 0.998303 0.208943 0.208943 0.208943
"}
object={
	name="cypress_dense_generator_1_1"
	clamp_to_water_level=no
	render_under_water=no
	generated_content=yes
	layer="semidynamic"
	pdxmesh="tree_cypress_002_mesh"
	count=28
	transform="4716.412598 0.000000 1849.773682 0.000000 0.935861 0.000000 -0.352369 0.217096 0.217096 0.217096
4713.064941 0.000000 1859.205566 0.000000 0.936823 0.000000 -0.349803 0.223019 0.223019 0.223019
4737.318848 0.000000 1846.388428 0.000000 0.714763 0.000000 -0.699367 0.205221 0.205221 0.205221
4787.016113 0.000000 1884.835449 0.000000 0.943915 0.000000 -0.330188 0.233468 0.233468 0.233468
4757.235840 0.000000 1883.845459 0.000000 0.999531 0.000000 -0.030615 0.256077 0.256077 0.256077
4785.394043 0.000000 1889.314087 0.000000 0.432474 0.000000 -0.901646 0.271061 0.271061 0.271061
4784.587891 0.000000 1884.237671 0.000000 0.037274 0.000000 -0.999305 0.302901 0.302901 0.302901
4833.210449 0.000000 1908.857666 0.000000 0.560558 0.000000 -0.828115 0.242770 0.242770 0.242770
4806.215332 0.000000 1912.921997 0.000000 0.899270 0.000000 -0.437394 0.235159 0.235159 0.235159
4809.641113 0.000000 1917.172241 0.000000 0.391494 0.000000 -0.920181 0.210940 0.210940 0.210940
4833.947754 0.000000 1913.457886 0.000000 0.183004 0.000000 -0.983112 0.215296 0.215296 0.215296
4812.457520 0.000000 1915.760254 0.000000 0.903148 0.000000 -0.429330 0.227747 0.227747 0.227747
4794.504395 0.000000 1944.227661 0.000000 0.998855 0.000000 -0.047843 0.245104 0.245104 0.245104
4792.346680 0.000000 1942.669678 0.000000 0.943428 0.000000 -0.331577 0.255036 0.255036 0.255036
4828.793945 0.000000 1923.310547 0.000000 0.053360 0.000000 -0.998575 0.232044 0.232044 0.232044
4823.491699 0.000000 1921.100220 0.000000 0.993876 0.000000 -0.110503 0.201628 0.201628 0.201628
4806.330566 0.000000 1932.565552 0.000000 0.131279 0.000000 -0.991345 0.285852 0.285852 0.285852
4800.514160 0.000000 1936.549561 0.000000 0.669300 0.000000 -0.742992 0.257753 0.257753 0.257753
4819.991699 0.000000 1953.696289 0.000000 0.363899 0.000000 -0.931439 0.248766 0.248766 0.248766
4820.994629 0.000000 1923.021484 0.000000 0.957337 0.000000 -0.288973 0.239944 0.239944 0.239944
4823.068359 0.000000 1924.979858 0.000000 0.964386 0.000000 -0.264500 0.245444 0.245444 0.245444
4816.716797 0.000000 1952.566528 0.000000 0.292560 0.000000 -0.956247 0.279620 0.279620 0.279620
4818.498535 0.000000 1924.286743 0.000000 0.207250 0.000000 -0.978288 0.277010 0.277010 0.277010
4862.390625 0.000000 1976.229248 0.000000 0.908568 0.000000 -0.417737 0.290023 0.290023 0.290023
4814.033691 0.000000 1926.359741 0.000000 0.978775 0.000000 -0.204937 0.284275 0.284275 0.284275
4821.705078 0.000000 2003.820801 0.000000 0.619425 0.000000 -0.785056 0.205860 0.205860 0.205860
4866.552734 0.000000 1976.544922 0.000000 0.918130 0.000000 -0.396279 0.289421 0.289421 0.289421
4866.269043 0.000000 1973.902588 0.000000 0.941222 0.000000 -0.337789 0.279312 0.279312 0.279312
"}
