object={
	name="cypress_dense_generator_3_0"
	clamp_to_water_level=no
	render_under_water=no
	generated_content=yes
	layer="semidynamic_high"
	pdxmesh="tree_cypress_001_mesh"
	count=75
	transform="4720.541992 0.000000 1830.085205 0.000000 0.847653 0.000000 0.530551 0.196230 0.196230 0.196230
4727.060547 0.000000 1849.099731 0.000000 0.768207 0.000000 0.640201 0.194450 0.194450 0.194450
4705.910645 0.000000 1849.822876 0.000000 0.998379 0.000000 0.056912 0.199467 0.199467 0.199467
4711.167969 0.000000 1855.969971 0.000000 0.568687 0.000000 0.822554 0.210851 0.210851 0.210851
4712.284180 0.000000 1845.966553 0.000000 0.897248 0.000000 0.441527 0.207538 0.207538 0.207538
4710.819824 0.000000 1859.751709 0.000000 0.166912 0.000000 0.985972 0.204858 0.204858 0.204858
4712.388184 0.000000 1857.501587 0.000000 0.406998 0.000000 0.913429 0.206541 0.206541 0.206541
4734.970703 0.000000 1886.640381 0.000000 0.896788 0.000000 0.442461 0.221902 0.221902 0.221902
4701.096680 0.000000 1864.380615 0.000000 0.957960 0.000000 0.286903 0.222220 0.222220 0.222220
4702.725586 0.000000 1867.576904 0.000000 0.549001 0.000000 0.835822 0.206857 0.206857 0.206857
4794.631836 0.000000 1899.120850 0.000000 0.868130 0.000000 0.496337 0.195462 0.195462 0.195462
4759.105957 0.000000 1885.221069 0.000000 0.585268 0.000000 0.810840 0.203699 0.203699 0.203699
4738.069824 0.000000 1888.806030 0.000000 0.555604 0.000000 0.831447 0.205114 0.205114 0.205114
4764.979980 0.000000 1879.263550 0.000000 0.990269 0.000000 0.139166 0.226540 0.226540 0.226540
4757.452637 0.000000 1885.967285 0.000000 0.913617 0.000000 0.406577 0.227626 0.227626 0.227626
4766.652344 0.000000 1876.069702 0.000000 0.641141 0.000000 0.767423 0.214908 0.214908 0.214908
4748.062012 0.000000 1885.289795 0.000000 0.032661 0.000000 0.999466 0.206190 0.206190 0.206190
4750.777344 0.000000 1884.236572 0.000000 0.365380 0.000000 0.930858 0.211157 0.211157 0.211157
4755.835449 0.000000 1884.871460 0.000000 0.276445 0.000000 0.961030 0.211475 0.211475 0.211475
4776.687988 0.000000 1886.484985 0.000000 0.896803 0.000000 0.442430 0.235139 0.235139 0.235139
4773.265137 0.000000 1883.647949 0.000000 0.935836 0.000000 0.352436 0.240995 0.240995 0.240995
4772.813477 0.000000 1881.138550 0.000000 0.265940 0.000000 0.963990 0.223681 0.223681 0.223681
4781.641602 0.000000 1880.341431 0.000000 0.293463 0.000000 0.955970 0.237853 0.237853 0.237853
4759.560547 0.000000 1881.510254 0.000000 0.561462 0.000000 0.827503 0.229694 0.229694 0.229694
4779.175293 0.000000 1882.281860 0.000000 0.012822 0.000000 0.999918 0.234939 0.234939 0.234939
4756.575195 0.000000 1882.488403 0.000000 0.730566 0.000000 0.682842 0.240362 0.240362 0.240362
4775.388184 0.000000 1882.045166 0.000000 0.867601 0.000000 0.497261 0.264693 0.264693 0.264693
4783.249023 0.000000 1886.721680 0.000000 0.875811 0.000000 0.482655 0.271972 0.271972 0.271972
4817.722656 0.000000 1916.161743 0.000000 0.850582 0.000000 0.525842 0.195231 0.195231 0.195231
4827.203125 0.000000 1903.302124 0.000000 0.714726 0.000000 0.699405 0.205766 0.205766 0.205766
4835.522949 0.000000 1908.630249 0.000000 0.656546 0.000000 0.754286 0.207650 0.207650 0.207650
4830.716309 0.000000 1910.222412 0.000000 0.438239 0.000000 0.898858 0.200725 0.200725 0.200725
4807.260254 0.000000 1910.588867 0.000000 0.927263 0.000000 0.374410 0.221949 0.221949 0.221949
4792.708984 0.000000 1940.912231 0.000000 0.723524 0.000000 0.690299 0.222258 0.222258 0.222258
4795.429199 0.000000 1945.781372 0.000000 0.230545 0.000000 0.973062 0.220593 0.220593 0.220593
4795.262207 0.000000 1942.604736 0.000000 0.421197 0.000000 0.906969 0.220735 0.220735 0.220735
4793.728516 0.000000 1945.863403 0.000000 0.997764 0.000000 0.066829 0.248598 0.248598 0.248598
4833.210449 0.000000 1965.342041 0.000000 0.961765 0.000000 0.273876 0.198095 0.198095 0.198095
4817.260254 0.000000 1946.925903 0.000000 0.954109 0.000000 0.299458 0.197722 0.197722 0.197722
4801.451660 0.000000 1929.861206 0.000000 0.989721 0.000000 0.143014 0.198674 0.198674 0.198674
4863.976562 0.000000 1971.084106 0.000000 0.931331 0.000000 0.364174 0.203280 0.203280 0.203280
4828.944336 0.000000 1956.336182 0.000000 0.988067 0.000000 0.154023 0.203439 0.203439 0.203439
4813.487793 0.000000 1930.485474 0.000000 0.673088 0.000000 0.739562 0.203152 0.203152 0.203152
4824.641113 0.000000 1976.193237 0.000000 0.723014 0.000000 0.690833 0.203968 0.203968 0.203968
4843.407227 0.000000 1964.696777 0.000000 0.546780 0.000000 0.837277 0.207742 0.207742 0.207742
4842.638672 0.000000 1970.901367 0.000000 0.763604 0.000000 0.645685 0.207625 0.207625 0.207625
4809.693359 0.000000 1929.531494 0.000000 0.860449 0.000000 0.509537 0.224810 0.224810 0.224810
4827.120117 0.000000 1922.417358 0.000000 0.900827 0.000000 0.434178 0.228171 0.228171 0.228171
4810.780273 0.000000 1955.252563 0.000000 0.825179 0.000000 0.564872 0.227746 0.227746 0.227746
4812.773926 0.000000 1954.652832 0.000000 0.844281 0.000000 0.535901 0.233267 0.233267 0.233267
4818.362793 0.000000 1953.105347 0.000000 0.239495 0.000000 0.970898 0.210902 0.210902 0.210902
4800.525879 0.000000 1957.771851 0.000000 0.758051 0.000000 0.652195 0.221134 0.221134 0.221134
4816.790527 0.000000 1928.624023 0.000000 0.223467 0.000000 0.974712 0.216410 0.216410 0.216410
4824.779785 0.000000 1925.005371 0.000000 0.995476 0.000000 0.095010 0.233785 0.233785 0.233785
4862.675293 0.000000 1972.219849 0.000000 0.999149 0.000000 0.041250 0.247971 0.247971 0.247971
4815.736328 0.000000 1951.229980 0.000000 0.934239 0.000000 0.356648 0.250195 0.250195 0.250195
4807.434570 0.000000 1931.212280 0.000000 0.694486 0.000000 0.719506 0.241169 0.241169 0.241169
4818.929199 0.000000 1925.942993 0.000000 0.641961 0.000000 0.766737 0.234282 0.234282 0.234282
4841.936523 0.000000 1973.565186 0.000000 0.961193 0.000000 0.275878 0.257196 0.257196 0.257196
4815.974609 0.000000 1954.028687 0.000000 0.647250 0.000000 0.762278 0.228929 0.228929 0.228929
4813.021484 0.000000 1953.097778 0.000000 0.980310 0.000000 0.197464 0.258961 0.258961 0.258961
4802.209961 0.000000 1931.243530 0.000000 0.731593 0.000000 0.681741 0.249687 0.249687 0.249687
4817.267090 0.000000 1951.102539 0.000000 0.172565 0.000000 0.984998 0.220340 0.220340 0.220340
4804.846680 0.000000 1935.376099 0.000000 0.417613 0.000000 0.908625 0.243323 0.243323 0.243323
4805.431641 0.000000 1931.245361 0.000000 0.080380 0.000000 0.996764 0.239424 0.239424 0.239424
4813.322266 0.000000 1925.065552 0.000000 0.951104 0.000000 0.308872 0.263709 0.263709 0.263709
4814.213379 0.000000 1922.173706 0.000000 0.812144 0.000000 0.583457 0.237134 0.237134 0.237134
4805.597656 0.000000 1933.936401 0.000000 0.926287 0.000000 0.376820 0.278201 0.278201 0.278201
4840.675293 0.000000 1967.509033 0.000000 0.931591 0.000000 0.363509 0.262334 0.262334 0.262334
4862.841797 0.000000 1975.000977 0.000000 0.966439 0.000000 0.256898 0.273390 0.273390 0.273390
4812.552734 0.000000 2003.147217 0.000000 0.995779 0.000000 0.091789 0.199323 0.199323 0.199323
4814.777344 0.000000 1997.205322 0.000000 0.888199 0.000000 0.459459 0.221625 0.221625 0.221625
4870.215332 0.000000 1969.406372 0.000000 0.645426 0.000000 0.763822 0.193924 0.193924 0.193924
4864.860352 0.000000 1976.310303 0.000000 0.478043 0.000000 0.878336 0.266122 0.266122 0.266122
4864.523438 0.000000 1978.609131 0.000000 0.885308 0.000000 0.465006 0.244745 0.244745 0.244745
"}
object={
	name="cypress_dense_generator_3_1"
	clamp_to_water_level=no
	render_under_water=no
	generated_content=yes
	layer="semidynamic_high"
	pdxmesh="tree_cypress_002_mesh"
	count=78
	transform="4710.535645 0.000000 1837.008057 0.000000 0.934037 0.000000 -0.357175 0.202736 0.202736 0.202736
4704.330078 0.000000 1861.797485 0.000000 0.419115 0.000000 -0.907933 0.227538 0.227538 0.227538
4708.952637 0.000000 1847.976929 0.000000 0.198773 0.000000 -0.980046 0.222001 0.222001 0.222001
4707.522949 0.000000 1852.145874 0.000000 0.154248 0.000000 -0.988032 0.233637 0.233637 0.233637
4719.085449 0.000000 1846.328125 0.000000 0.416814 0.000000 -0.908992 0.219533 0.219533 0.219533
4710.962402 0.000000 1851.679932 0.000000 0.715844 0.000000 -0.698260 0.233403 0.233403 0.233403
4717.465820 0.000000 1851.795898 0.000000 0.961018 0.000000 -0.276486 0.216161 0.216161 0.216161
4706.508301 0.000000 1854.065674 0.000000 0.975563 0.000000 -0.219719 0.225960 0.225960 0.225960
4714.678223 0.000000 1845.675049 0.000000 0.531531 0.000000 -0.847039 0.226017 0.226017 0.226017
4714.638672 0.000000 1857.932617 0.000000 0.347264 0.000000 -0.937768 0.229822 0.229822 0.229822
4739.820801 0.000000 1877.789795 0.000000 0.868908 0.000000 -0.494973 0.204589 0.204589 0.204589
4756.832520 0.000000 1876.563965 0.000000 0.501339 0.000000 -0.865251 0.209920 0.209920 0.209920
4736.712402 0.000000 1882.205322 0.000000 0.668345 0.000000 -0.743851 0.226549 0.226549 0.226549
4784.914551 0.000000 1881.167969 0.000000 0.755732 0.000000 -0.654881 0.231340 0.231340 0.231340
4793.129395 0.000000 1902.802979 0.000000 0.764120 0.000000 -0.645074 0.238774 0.238774 0.238774
4736.597656 0.000000 1884.451660 0.000000 0.148145 0.000000 -0.988966 0.256414 0.256414 0.256414
4786.490723 0.000000 1886.773926 0.000000 0.776365 0.000000 -0.630283 0.237228 0.237228 0.237228
4772.560547 0.000000 1878.040161 0.000000 0.976034 0.000000 -0.217618 0.229429 0.229429 0.229429
4744.404785 0.000000 1884.412231 0.000000 0.102960 0.000000 -0.994685 0.277554 0.277554 0.277554
4743.699707 0.000000 1879.839233 0.000000 0.876011 0.000000 -0.482291 0.235895 0.235895 0.235895
4775.089844 0.000000 1879.297485 0.000000 0.200618 0.000000 -0.979669 0.277139 0.277139 0.277139
4756.433105 0.000000 1880.998901 0.000000 0.701085 0.000000 -0.713078 0.267465 0.267465 0.267465
4779.954590 0.000000 1887.690430 0.000000 0.980308 0.000000 -0.197475 0.267650 0.267650 0.267650
4778.712402 0.000000 1885.202759 0.000000 0.483867 0.000000 -0.875142 0.294994 0.294994 0.294994
4785.542480 0.000000 1885.413086 0.000000 0.002699 0.000000 -0.999996 0.303693 0.303693 0.303693
4785.393555 0.000000 1887.814941 0.000000 0.733736 0.000000 -0.679435 0.286209 0.286209 0.286209
4784.663086 0.000000 1882.640259 0.000000 0.282903 0.000000 -0.959149 0.275518 0.275518 0.275518
4780.409668 0.000000 1890.012817 0.000000 0.686207 0.000000 -0.727407 0.277124 0.277124 0.277124
4782.744141 0.000000 1889.637817 0.000000 0.631319 0.000000 -0.775523 0.307185 0.307185 0.307185
4781.193359 0.000000 1884.834106 0.000000 0.999998 0.000000 -0.002034 0.274560 0.274560 0.274560
4783.484375 0.000000 1883.443481 0.000000 0.165785 0.000000 -0.986162 0.307414 0.307414 0.307414
4780.992676 0.000000 1886.885132 0.000000 0.579287 0.000000 -0.815124 0.308932 0.308932 0.308932
4834.508301 0.000000 1910.550049 0.000000 0.893774 0.000000 -0.448517 0.219535 0.219535 0.219535
4822.604004 0.000000 1902.514038 0.000000 0.213448 0.000000 -0.976954 0.231508 0.231508 0.231508
4828.720215 0.000000 1904.493530 0.000000 0.080355 0.000000 -0.996766 0.244517 0.244517 0.244517
4792.096680 0.000000 1948.112671 0.000000 0.858416 0.000000 -0.512954 0.225318 0.225318 0.225318
4792.710938 0.000000 1944.300293 0.000000 0.812291 0.000000 -0.583252 0.261611 0.261611 0.261611
4830.060547 0.000000 1968.623657 0.000000 0.066596 0.000000 -0.997780 0.211266 0.211266 0.211266
4844.376953 0.000000 1966.736450 0.000000 0.397857 0.000000 -0.917447 0.209280 0.209280 0.209280
4829.422852 0.000000 1959.020630 0.000000 0.997094 0.000000 -0.076178 0.200695 0.200695 0.200695
4830.961914 0.000000 1921.430054 0.000000 0.019888 0.000000 -0.999802 0.213552 0.213552 0.213552
4811.616211 0.000000 1949.809937 0.000000 0.993140 0.000000 -0.116929 0.201083 0.201083 0.201083
4806.070312 0.000000 1927.508667 0.000000 0.803642 0.000000 -0.595113 0.215368 0.215368 0.215368
4819.576660 0.000000 1955.920410 0.000000 0.999255 0.000000 -0.038605 0.217849 0.217849 0.217849
4811.263184 0.000000 1957.031128 0.000000 0.027468 0.000000 -0.999623 0.225266 0.225266 0.225266
4834.508301 0.000000 1967.034424 0.000000 0.111721 0.000000 -0.993740 0.228540 0.228540 0.228540
4803.385254 0.000000 1958.903198 0.000000 0.387190 0.000000 -0.922000 0.234724 0.234724 0.234724
4800.144043 0.000000 1948.869019 0.000000 0.171487 0.000000 -0.985186 0.244670 0.244670 0.244670
4837.294434 0.000000 1965.424927 0.000000 0.955052 0.000000 -0.296439 0.238880 0.238880 0.238880
4817.145996 0.000000 1923.022949 0.000000 0.781709 0.000000 -0.623643 0.244705 0.244705 0.244705
4808.280273 0.000000 1954.699707 0.000000 0.987513 0.000000 -0.157539 0.247055 0.247055 0.247055
4810.416504 0.000000 1952.152954 0.000000 0.704546 0.000000 -0.709659 0.256907 0.256907 0.256907
4807.546875 0.000000 1951.773560 0.000000 0.484333 0.000000 -0.874884 0.248123 0.248123 0.248123
4800.233887 0.000000 1933.911987 0.000000 0.958571 0.000000 -0.284854 0.250554 0.250554 0.250554
4837.577148 0.000000 1968.637329 0.000000 0.912717 0.000000 -0.408592 0.270049 0.270049 0.270049
4810.256348 0.000000 1924.699463 0.000000 0.236606 0.000000 -0.971606 0.260677 0.260677 0.260677
4837.366211 0.000000 1972.168457 0.000000 0.831190 0.000000 -0.555989 0.280011 0.280011 0.280011
4801.639160 0.000000 1955.675171 0.000000 0.047466 0.000000 -0.998873 0.275635 0.275635 0.275635
4815.217285 0.000000 1952.617310 0.000000 0.103133 0.000000 -0.994668 0.304406 0.304406 0.304406
4814.835449 0.000000 1950.109375 0.000000 0.049653 0.000000 -0.998767 0.289020 0.289020 0.289020
4807.231934 0.000000 1933.708008 0.000000 0.398647 0.000000 -0.917104 0.280190 0.280190 0.280190
4804.588867 0.000000 1930.106201 0.000000 0.520970 0.000000 -0.853575 0.302368 0.302368 0.302368
4802.875977 0.000000 1953.055542 0.000000 0.968526 0.000000 -0.248914 0.287812 0.287812 0.287812
4814.623047 0.000000 1925.180054 0.000000 0.136395 0.000000 -0.990655 0.314180 0.314180 0.314180
4802.597656 0.000000 1933.933716 0.000000 0.701396 0.000000 -0.712772 0.308710 0.308710 0.308710
4804.470703 0.000000 1955.457886 0.000000 0.993410 0.000000 -0.114611 0.296925 0.296925 0.296925
4796.013184 0.000000 1991.817871 0.000000 0.933880 0.000000 -0.357588 0.203378 0.203378 0.203378
4791.794922 0.000000 1989.959351 0.000000 0.457357 0.000000 -0.889283 0.221704 0.221704 0.221704
4797.252441 0.000000 1987.379517 0.000000 0.319532 0.000000 -0.947576 0.230178 0.230178 0.230178
4795.502441 0.000000 1988.950439 0.000000 0.817389 0.000000 -0.576086 0.235003 0.235003 0.235003
4808.173828 0.000000 1999.219482 0.000000 0.942181 0.000000 -0.335103 0.206218 0.206218 0.206218
4860.727539 0.000000 1979.447632 0.000000 0.438419 0.000000 -0.898771 0.229965 0.229965 0.229965
4840.647949 0.000000 1978.279785 0.000000 0.896229 0.000000 -0.443593 0.218259 0.218259 0.218259
4802.199219 0.000000 1984.065430 0.000000 0.980805 0.000000 -0.194991 0.218657 0.218657 0.218657
4816.985352 0.000000 1999.128906 0.000000 0.326603 0.000000 -0.945162 0.246587 0.246587 0.246587
4864.517090 0.000000 1970.245728 0.000000 0.419283 0.000000 -0.907856 0.246498 0.246498 0.246498
4869.809082 0.000000 1975.951904 0.000000 0.987263 0.000000 -0.159098 0.250558 0.250558 0.250558
4867.094727 0.000000 1975.252930 0.000000 0.777638 0.000000 -0.628712 0.313489 0.313489 0.313489
"}
